96
96
96
96
52
52
52
52
52
66
75
7
34
63
63
63
63
74
74
74
85
85
96
96
96
97
97
97
97
97
85
85
85
85
92
92
92
92
92
92
92
92
92
92
92
92
92
92
92
92
92
92
92
92
92
92
92
93
93
93
93
85
85
85
85
85
85
85
85
85
85
85
85
85
93
93
85
85
85
85
88
88
88
88
88
88
88
88
88
88
88
88
88
88
88
88
88
88
85
85
63
95
95
98
98
98
98
98
98
98
95
95
95
95
95
95
95
95
95
95
95
95
95
95
95
95
95
95
95
95
95
95
95
95
95
63
63
63
63
63
63
63
63
65
91
91
91
91
91
91
63
63
34
34
52
52
34
81
81
34
34
34
34
86
86
96
96
69
69
69
87
87
69
69
86
86
86
69
82
83
83
82
82
69
69
96
96
96
69
69
34
34
44
84
44
48
96
96
96
96
96
96
67
67
67
67
67
67
92
92
67
67
67
67
67
67
67
67
67
67
67
67
67
67
67
67
81
67
7
99
64
60
40
76
76
76
45
87
87
87
87
87
87
87
87
87
87
87
87
87
87
87
87
87
87
87
87
87
88
88
88
88
88
88
93
93
88
88
87
87
89
87
87
93
93
93
93
93
94
94
93
93
93
93
93
93
93
99
99
99
99
99
99
99
99
99
99
99
99
93
93
93
93
93
93
93
93
93
93
93
93
93
93
93
99
99
99
99
99
99
99
99
99
99
99
99
99
99
99
99
99
99
99
99
99
99
99
93
94
94
94
94
94
94
94
94
94
94
99
99
99
99
99
99
99
99
93
93
93
93
93
99
93
93
93
93
93
93
93
93
93
93
93
93
93
93
93
93
93
93
93
98
98
98
98
93
93
93
93
93
93
93
93
93
93
93
93
93
93
93
93
93
93
93
93
93
93
93
93
93
93
93
93
93
93
93
93
93
93
93
93
93
93
93
93
87
87
87
87
87
87
64
47
47
47
47
18
34
92
92
38
38
38
66
66
66
66
66
38
91
91
91
8
2
2
2
94
100
100
100
66
66
95
95
95
95
95
95
95
95
66
66
66
66
66
66
56
56
67
67
67
67
67
67
67
67
95
95
95
95
95
95
95
95
95
3
96
96
96
96
96
96
100
100
100
96
96
96
96
96
96
96
96
88
88
9
80
80
80
80
80
80
81
80
84
84
84
80
80
80
80
80
80
80
80
80
80
98
98
98
80
80
80
80
80
80
80
80
80
80
80
80
80
80
80
80
80
80
85
80
80
80
80
80
80
80
80
80
80
87
80
80
80
80
80
80
80
80
80
19
19
96
96
96
96
96
96
96
96
96
96
96
96
96
96
96
96
96
96
96
96
96
96
96
96
96
96
96
96
96
96
96
96
96
96
96
96
96
96
96
96
96
96
96
69
45
84
75
75
75
96
58
58
99
63
98
49
100
100
100
65
50
50
53
53
56
56
56
56
56
92
54
50
73
86
86
86
86
86
86
73
73
99
99
99
73
73
87
73
73
73
73
73
73
73
73
73
96
96
73
41
41
43
43
91
43
43
43
43
43
43
90
90
90
90
90
90
90
90
90
90
90
90
90
90
90
90
90
90
90
90
100
100
100
100
100
90
90
90
90
90
90
94
90
90
94
90
90
90
90
90
90
90
90
90
90
90
90
92
90
90
90
90
90
90
90
90
90
90
90
90
90
90
90
90
90
90
93
93
93
93
93
93
90
80
80
95
95
95
95
95
80
80
80
80
80
80
80
80
80
87
87
87
87
87
93
87
87
87
87
87
87
87
87
87
87
87
87
87
87
87
87
87
80
80
80
80
80
80
80
80
80
80
90
80
80
80
80
80
80
80
80
80
80
80
80
80
80
80
80
80
89
89
89
100
100
100
100
100
100
80
80
80
80
80
80
80
80
80
80
80
80
80
93
93
93
93
93
93
93
93
93
93
93
93
93
93
93
93
93
93
93
93
94
93
93
93
80
80
99
99
99
82
97
97
97
97
97
97
97
97
97
97
97
97
97
97
97
97
97
97
97
97
97
97
97
97
97
97
97
97
97
97
97
97
97
97
97
97
97
97
100
97
97
97
97
97
97
97
97
97
97
97
97
97
97
97
97
97
97
97
97
97
97
97
97
97
97
97
97
97
97
97
97
82
96
82
82
82
82
82
82
82
82
82
82
82
82
82
82
82
82
82
82
82
82
82
82
82
82
82
82
87
87
87
87
87
87
87
87
87
87
87
93
87
87
87
87
87
87
87
82
82
82
82
82
82
82
82
82
97
97
97
82
82
82
82
82
82
92
82
96
96
97
97
97
84
84
84
84
84
84
84
84
84
84
84
84
84
84
84
84
84
84
84
84
84
84
84
84
93
93
93
93
93
93
93
93
93
93
84
82
82
82
82
82
88
88
88
88
88
88
88
92
92
92
92
92
92
92
92
88
88
88
88
88
88