3421
1 81
2
1 6
2
1 96
3
3
3
3
2
1 52
1 16
2
3
3
1 27
3
3
1 10
1 64
2
2
3
1 66
3
2
2
2
1 78
1 20
2
2
1 75
3
2
1 7
3
1 34
3
1 31
1 63
3
1 17
1 8
1 80
2
1 49
3
3
3
1 74
3
1 40
3
2
3
2
1 85
1 52
3
1 30
1 24
3
2
2
1 96
3
1 34
3
2
1 10
2
1 31
3
2
2
1 97
1 44
1 36
1 30
2
2
2
1 12
3
3
3
1 53
2
1 96
2
1 2
3
3
2
2
1 70
1 99
2
1 28
2
2
2
3
1 38
1 58
1 49
3
1 24
2
2
1 88
2
3
3
2
1 13
2
1 21
1 92
3
1 42
2
1 5
1 86
2
3
3
1 65
1 18
2
1 34
1 11
3
3
3
3
1 15
2
3
3
3
1 66
2
2
3
1 66
3
1 22
3
2
3
3
3
2
3
2
3
2
3
3
1 100
2
1 50
3
3
2
3
2
1 68
2
2
2
2
1 77
1 69
1 42
1 46
1 93
3
3
1 32
3
3
1 90
2
2
2
2
2
3
1 34
3
3
2
3
2
3
1 83
2
3
3
2
3
2
1 21
2
1 23
1 97
2
1 13
2
2
1 16
3
1 42
3
2
3
1 50
3
1 88
2
2
1 60
3
1 93
3
1 68
1 17
1 8
3
1 44
2
2
2
2
2
1 51
1 75
2
2
3
2
1 46
3
3
3
1 88
3
1 79
1 52
3
3
2
1 82
2
3
3
3
3
1 80
2
1 60
3
3
3
2
1 38
2
2
1 47
1 14
3
1 67
2
3
3
3
2
3
3
2
1 10
2
3
3
2
2
3
3
2
2
3
1 4
2
1 36
1 95
1 81
3
3
1 98
3
1 57
3
3
3
3
2
1 77
2
3
3
2
2
3
1 30
3
2
1 56
3
3
1 9
2
1 38
1 74
1 57
3
1 10
3
3
2
1 84
3
3
3
1 12
1 36
3
3
3
1 5
3
1 48
2
2
2
1 70
2
1 69
2
1 41
3
2
3
2
2
1 11
2
2
3
3
2
3
2
2
1 30
3
3
3
2
3
3
2
1 8
1 47
1 95
1 57
2
3
2
2
1 37
2
1 2
3
2
3
2
1 69
2
3
3
1 3
1 9
2
1 25
2
2
1 38
3
1 16
3
2
3
1 87
2
2
3
2
1 90
1 77
2
2
1 40
1 65
3
2
1 2
2
1 49
1 91
1 83
3
3
1 34
3
3
2
3
3
2
2
2
2
2
2
3
2
3
2
3
3
1 52
3
3
2
3
1 60
1 81
3
3
2
2
3
3
2
3
3
1 69
1 59
1 7
1 86
3
3
2
2
1 34
1 87
2
1 3
1 69
1 96
3
3
2
3
2
3
2
3
2
2
1 87
3
3
2
1 57
3
3
1 86
1 24
3
2
3
3
2
3
1 82
3
1 83
3
3
2
1 6
3
2
3
2
3
3
1 96
3
3
1 48
2
3
2
3
1 65
3
1 39
2
2
2
1 63
2
2
3
3
2
1 44
3
1 84
3
2
3
1 48
3
1 15
1 46
2
2
2
1 67
1 96
1 79
3
2
1 60
1 42
1 7
1 52
2
1 11
2
2
3
2
1 72
3
2
1 29
1 83
3
1 8
1 93
3
3
2
2
1 85
2
1 89
2
2
2
2
2
3
1 11
2
1 11
1 26
1 4
2
3
3
1 16
2
1 55
2
3
3
3
1 92
3
1 80
3
2
2
3
3
1 34
3
1 10
3
1 83
2
3
1 64
2
2
1 22
3
3
3
3
2
2
2
3
3
3
2
1 20
1 30
2
3
2
3
3
1 8
2
3
1 81
3
2
3
2
1 75
2
2
3
2
1 64
1 71
2
1 99
3
2
1 81
2
1 47
2
3
2
1 60
3
2
1 90
1 49
2
2
1 91
2
1 26
2
1 40
3
1 74
2
2
1 43
2
1 10
2
1 76
1 31
3
1 79
2
3
1 75
2
1 92
1 16
2
1 63
2
2
2
3
1 8
2
1 4
2
2
1 15
2
1 93
2
1 45
3
2
1 87
1 33
2
3
1 67
1 24
3
1 48
3
3
2
3
1 35
1 62
3
1 19
1 80
3
3
3
2
1 68
3
1 99
2
3
3
1 59
2
2
3
3
1 66
3
3
3
2
2
1 76
1 56
2
3
2
2
2
1 53
2
1 39
3
2
1 43
1 61
3
1 51
1 46
3
2
1 88
1 60
3
1 8
1 49
1 22
3
3
1 74
3
2
3
2
3
2
1 93
1 65
3
2
3
1 14
2
2
1 35
2
2
3
1 23
2
1 31
2
2
3
1 55
2
2
1 10
1 24
1 61
3
2
3
2
2
2
1 23
1 89
3
2
3
2
3
2
1 93
1 10
2
1 54
3
1 43
1 86
3
3
3
3
1 25
2
1 100
2
1 7
2
2
2
1 94
3
3
2
2
3
3
3
1 25
3
2
1 10
1 40
1 10
1 17
2
2
3
2
3
1 46
2
2
1 58
1 69
3
1 99
1 48
1 88
3
1 91
2
3
3
1 41
2
1 86
2
1 45
1 65
2
3
2
3
2
3
2
3
3
3
3
3
3
2
1 64
1 67
1 87
1 71
3
3
3
2
1 76
2
1 60
2
1 26
3
1 16
3
2
3
1 6
3
2
1 37
3
1 29
2
2
2
1 52
2
1 96
1 100
2
2
1 21
2
2
1 74
2
1 28
2
3
1 45
1 18
1 31
2
2
3
3
2
1 80
2
1 3
1 48
3
1 34
2
1 82
1 70
2
3
1 76
3
1 6
3
2
2
2
1 99
3
3
1 93
3
3
3
2
3
1 92
1 99
1 91
3
2
1 58
2
3
1 64
2
2
2
3
1 55
3
1 9
1 11
3
3
3
2
3
2
2
1 41
3
2
1 16
1 60
3
1 59
3
3
3
1 15
3
2
2
2
3
3
3
2
2
2
2
3
1 94
3
3
3
3
1 40
3
2
3
3
3
3
1 73
3
2
1 99
3
1 36
3
3
3
3
1 69
2
2
1 3
2
3
1 79
3
2
3
1 52
2
2
2
1 53
3
3
2
3
2
1 30
2
1 17
3
1 76
1 32
2
3
1 99
3
2
1 11
3
1 87
3
1 100
2
3
3
2
1 21
3
2
3
3
3
2
3
3
3
3
2
1 60
1 92
3
3
3
1 10
1 15
2
2
1 41
2
1 45
1 47
2
1 31
3
2
3
1 70
1 62
3
2
2
3
2
1 98
1 18
1 78
2
1 95
3
3
2
3
2
3
2
3
1 9
2
3
3
2
1 33
2
3
2
3
3
1 37
2
1 50
2
3
3
1 58
1 19
3
3
1 54
2
3
3
3
2
1 99
1 59
2
2
2
3
1 56
1 38
1 53
2
1 76
2
2
1 69
2
1 54
3
2
1 69
2
3
3
3
1 1
2
2
2
2
3
2
1 91
3
3
1 90
2
1 11
2
1 65
2
3
1 49
2
1 87
3
1 20
2
1 80
3
2
1 28
3
2
3
2
1 6
3
1 34
2
3
2
3
3
1 72
1 66
3
2
1 17
1 15
2
2
3
3
3
2
1 26
3
1 32
3
3
2
1 8
3
1 61
3
2
2
2
2
2
3
2
3
3
3
3
3
2
2
3
2
2
1 47
1 64
3
1 57
1 42
1 41
2
2
2
2
3
3
3
3
2
1 18
3
2
1 53
2
1 34
3
2
1 7
2
1 92
3
3
1 77
2
2
1 38
3
1 21
3
1 71
2
2
3
2
1 66
3
3
1 37
3
2
3
3
1 92
2
1 22
2
1 9
2
2
1 84
2
1 38
3
2
1 31
2
1 65
2
1 19
2
1 51
2
1 77
2
1 91
1 43
3
2
3
3
2
1 74
2
1 67
2
1 8
1 88
2
3
2
1 2
3
3
3
2
1 94
3
2
1 10
2
1 67
2
1 96
1 60
2
1 100
3
1 9
3
3
2
2
2
1 100
2
1 56
1 66
3
3
1 58
1 95
1 13
1 78
1 26
2
1 76
3
3
1 45
3
3
1 58
2
2
3
1 1
3
2
2
3
2
2
3
1 98
1 27
2
2
2
3
1 10
1 91
2
3
3
2
2
3
1 9
3
1 90
1 59
2
2
2
1 30
1 10
3
2
2
2
1 31
2
1 21
1 10
3
2
3
2
2
1 67
1 69
2
3
1 54
3
3
3
1 49
3
3
3
2
2
3
2
1 95
3
1 44
2
3
3
1 5
3
3
1 96
2
3
2
3
3
3
2
1 3
3
2
1 88
1 96
1 18
1 37
3
2
1 31
3
3
3
1 61
3
3
2
1 9
1 51
2
1 30
2
2
1 100
1 12
2
3
3
3
2
1 88
1 99
1 48
2
2
1 33
1 79
3
3
1 68
3
3
2
3
2
2
2
3
3
1 20
2
2
3
1 10
2
2
2
3
1 33
1 34
3
2
1 63
2
1 71
2
2
1 100
1 8
2
2
2
1 9
1 87
2
3
1 19
1 67
1 80
3
3
3
1 78
2
1 79
3
3
2
3
1 81
3
2
1 48
1 38
3
1 84
3
3
1 28
1 99
1 12
2
2
2
3
2
1 64
2
2
3
3
3
1 44
2
3
2
3
1 61
3
1 49
2
1 67
3
3
1 61
2
1 50
1 45
3
3
1 72
1 98
3
3
3
2
1 18
2
1 65
1 68
1 15
3
1 19
3
1 29
3
3
2
1 55
2
3
3
3
2
3
3
3
2
2
2
3
3
2
2
1 52
3
2
1 22
1 19
3
3
3
2
1 25
3
3
1 92
2
2
1 11
1 61
1 37
2
2
1 85
3
1 43
2
2
2
1 80
3
2
3
2
2
3
2
3
3
1 61
1 64
1 56
1 53
3
3
3
3
2
3
1 62
1 47
1 57
2
1 87
3
2
2
2
2
3
3
2
3
3
3
3
2
3
3
2
2
2
1 10
2
1 6
1 80
1 7
1 17
1 73
2
2
1 54
2
3
2
2
3
2
3
2
1 96
1 54
1 21
1 26
1 95
1 63
1 85
2
2
2
3
1 16
1 62
1 71
1 84
2
3
1 29
1 25
2
2
1 63
1 33
3
1 41
3
1 76
2
3
2
1 26
3
3
2
2
3
2
3
2
1 27
1 31
1 37
2
2
1 20
3
1 12
1 46
2
2
3
2
1 91
2
1 51
1 37
2
1 63
2
2
2
3
3
3
3
2
2
1 88
3
1 93
3
2
2
1 35
3
3
2
1 68
1 95
2
3
1 4
1 90
2
3
2
2
2
1 3
1 14
1 17
3
2
1 80
1 69
2
2
2
3
2
1 40
3
1 73
2
2
3
3
3
1 78
1 23
1 53
2
3
1 45
3
1 48
2
3
1 51
2
3
2
1 8
3
3
3
2
2
3
3
3
3
3
3
3
2
3
3
2
1 68
2
2
2
2
1 45
1 69
3
2
3
2
1 24
2
1 84
3
2
1 58
1 40
1 75
3
3
1 63
1 43
3
1 3
2
2
2
2
1 95
1 96
3
2
2
1 25
2
3
2
1 35
2
3
1 94
1 3
2
1 99
3
2
2
1 37
2
2
1 63
3
2
1 98
1 97
1 92
2
1 42
2
3
1 24
2
2
2
1 14
2
1 68
2
1 49
1 48
3
2
2
1 77
1 29
2
2
1 50
1 13
1 100
1 18
3
3
3
2
2
1 65
1 58
3
2
2
1 58
2
1 15
2
1 99
2
3
3
1 53
1 83
2
3
3
2
1 40
1 56
3
1 39
2
3
3
3
1 73
2
3
1 94
2
2
1 11
2
2
2
1 67
1 92
3
2
2
1 54
3
2
3
1 30
1 92
2
2
2
1 79
1 72
2
1 96
1 55
2
2
2
1 17
1 73
1 53
3
2
1 95
2
1 36
1 59
1 59
1 86
1 33
3
3
3
3
3
3
2
2
3
1 49
3
2
2
1 99
3
3
1 53
2
1 69
2
3
2
2
2
1 51
3
1 19
3
1 14
1 3
1 34
1 87
3
2
3
1 13
2
3
2
3
3
3
2
2
3
3
1 54
3
3
2
2
1 73
1 96
3
1 88
2
3
2
3
2
1 58
2
2
2
1 24
1 1
1 41
3
3
2
1 43
1 32
3
2
1 56
2
3
1 25
1 91
3
2
2
3
3
3
3
1 23
3
2
3
2
1 34
2
1 50
1 70
1 80
1 40
2
1 1
1 73
1 13
1 35
1 90
1 59
3
1 9
1 27
2
1 100
2
2
3
1 2
3
3
3
1 65
1 25
3
1 21
2
2
1 82
3
3
3
1 8
1 41
2
3
2
1 5
1 15
2
2
1 5
2
2
3
2
3
3
1 41
3
2
3
3
1 54
2
1 56
1 84
3
1 79
2
1 27
1 49
1 54
1 54
3
2
3
3
1 28
2
2
1 9
1 100
1 58
2
3
3
1 22
1 76
2
1 8
2
2
3
3
3
2
3
2
1 72
1 32
2
3
3
2
3
2
2
1 5
2
1 75
1 5
3
3
2
1 52
1 33
1 94
2
1 23
1 37
1 94
3
2
3
3
2
1 76
2
2
1 94
3
2
2
1 68
1 51
3
2
1 64
1 19
1 59
2
1 2
2
1 94
1 63
1 44
2
1 35
2
2
2
1 38
3
3
1 16
2
3
2
1 35
3
1 85
1 18
2
3
2
1 50
1 48
3
3
2
3
2
3
3
2
1 50
2
2
1 71
1 30
2
2
2
2
2
3
2
1 80
1 92
3
2
2
1 68
3
2
2
2
3
1 14
3
2
2
1 65
3
3
3
3
1 53
3
3
3
3
3
1 38
3
1 71
2
3
2
3
3
2
1 60
3
2
2
3
1 93
3
1 93
1 35
1 44
1 25
3
2
2
1 35
1 45
2
2
3
2
3
1 87
1 5
2
2
2
1 22
1 41
1 4
2
3
1 43
2
2
2
3
2
1 85
2
3
2
2
1 60
3
1 17
1 15
3
1 65
1 4
1 95
1 86
2
1 50
3
3
3
3
3
1 20
2
2
2
1 35
1 23
3
1 54
3
2
3
2
2
2
2
3
3
2
1 49
1 53
3
3
3
3
1 27
1 37
2
1 87
1 67
3
2
3
1 37
1 55
2
1 29
1 25
3
2
2
1 42
1 87
2
3
1 99
2
1 12
3
2
1 58
1 12
1 93
3
2
1 41
3
3
2
3
2
2
1 46
1 13
3
2
1 67
3
1 79
3
2
3
1 73
2
1 26
3
3
2
1 71
1 96
2
2
3
2
2
1 45
3
3
2
1 87
1 56
2
1 74
1 12
3
2
2
2
3
2
1 26
3
2
3
1 5
1 26
2
3
2
2
1 73
2
1 98
2
2
1 54
1 61
1 26
3
2
3
1 41
3
1 6
2
1 45
1 21
1 9
2
3
2
1 21
1 46
1 74
3
1 54
3
3
3
3
2
2
1 87
2
2
3
2
1 99
2
1 48
1 90
3
2
3
1 53
2
1 58
3
3
2
1 12
2
1 7
3
2
1 73
3
2
2
2
2
1 61
2
3
2
2
3
3
3
3
2
3
3
2
1 28
1 14
1 71
3
1 61
2
3
2
3
3
1 75
2
2
1 64
3
2
1 89
1 24
3
3
2
1 16
3
2
2
2
1 39
1 81
2
1 100
3
1 82
3
2
3
3
1 85
2
1 68
2
1 5
1 13
3
2
2
1 82
1 69
2
2
3
2
3
3
1 91
1 22
2
2
3
3
2
1 5
2
2
1 9
3
3
3
2
2
2
1 36
2
1 81
2
2
3
1 72
1 60
3
1 45
3
3
2
2
3
1 72
3
1 93
1 73
2
1 41
3
2
1 41
3
3
2
1 34
1 48
3
2
1 100
2
1 67
2
2
3
3
1 40
1 53
3
1 79
1 80
2
1 79
2
1 80
2
2
2
3
1 30
1 32
3
3
2
1 27
2
1 2
2
2
3
3
3
3
3
1 59
1 15
2
2
2
1 5
1 84
3
1 30
2
3
3
3
3
1 94
1 50
2
1 59
1 100
2
3
2
2
2
3
3
1 57
2
3
2
2
2
1 49
2
1 59
2
3
2
3
1 99
1 14
3
1 22
3
2
3
2
1 73
2
1 4
2
2
1 32
1 82
3
1 17
1 100
2
1 91
1 24
2
2
1 23
1 40
2
2
1 97
3
1 61
1 59
3
2
1 95
3
1 6
2
2
1 96
2
1 37
1 41
3
1 38
1 29
1 46
3
1 80
3
3
2
1 66
1 84
1 83
3
2
3
3
2
3
3
1 32
1 19
1 44
2
2
2
2
2
3
1 26
3
2
3
1 33
3
2
3
2
1 56
3
1 47
3
2
2
1 48
3
2
3
3
3
1 7
2
1 86
1 49
1 47
1 44
3
1 81
3
3
2
3
2
2
2
1 48
2
1 31
3
1 48
3
1 31
2
2
1 7
1 55
1 49
2
1 95
2
3
2
2
1 13
2
2
3
1 40
3
3
1 59
2
3
2
3
1 52
2
3
1 28
1 91
3
3
1 100
3
2
2
2
1 1
3
3
2
2
3
1 56
3
2
2
3
1 70
2
3
2
1 55
3
1 18
3
3
3
2
1 41
3
3
1 23
3
2
2
1 28
2
3
1 94
2
2
3
3
1 52
2
1 75
1 46
3
1 88
1 59
3
3
2
3
2
3
3
2
2
1 7
3
1 56
1 28
2
2
1 41
2
1 6
2
1 8
2
1 9
1 32
2
2
3
2
3
3
1 20
3
2
1 15
3
1 57
2
2
3
3
3
1 52
1 41
2
3
1 75
2
2
2
2
2
1 54
3
1 91
1 73
2
2
1 94
2
1 17
1 35
2
1 83
2
1 44
1 24
2
1 77
1 58
1 96
1 22
2
3
1 6
2
1 98
2
2
1 66
1 50
1 8
2
1 58
3
3
3
2
3
3
1 38
3
2
2
3
1 42
2
2
1 93
2
2
1 50
2
1 73
3
1 38
3
3
3
2
1 52
3
2
1 74
2
1 46
2
3
1 71
2
3
3
2
2
3
3
1 39
1 3
1 92
1 70
2
2
3
2
2
3
1 4
2
3
2
2
1 19
1 29
1 28
1 19
1 80
2
2
2
3
2
3
1 93
1 60
1 39
2
2
2
1 39
2
2
3
2
2
1 13
1 37
2
3
3
1 22
3
1 87
1 26
3
3
1 67
1 50
2
1 46
3
1 86
3
1 71
3
2
3
1 11
1 3
1 37
3
3
3
1 74
3
1 69
2
1 39
2
2
1 91
2
3
1 93
3
2
3
1 74
2
2
2
1 4
3
3
2
2
3
2
1 92
2
2
3
1 45
3
3
2
2
2
2
3
3
3
3
3
3
3
1 66
1 37
3
3
1 85
2
1 97
3
3
1 39
1 84
2
3
2
2
2
1 24
3
2
3
1 9
2
2
1 30
2
2
1 22
1 51
2
2
1 37
3
3
1 3
3
2
1 28
1 9
1 77
1 3
1 67
3
1 26
1 92
3
1 9
2
2
1 100
1 89
1 19
2
2
2
1 47
1 10
2
3
1 96
1 80
3
2
3
2
2
1 6
2
2
1 97
1 48
2
3
3
3
2
2
1 39
2
2
1 84
1 21
2
1 42
1 49
3
2
1 14
3
3
1 3
2
1 5
3
1 58
3
1 57
3
3
3
1 3
2
3
2
1 40
2
2
3
2
1 19
1 41
2
3
3
1 46
1 76
2
3
1 26
1 2
3
1 71
2
2
2
3
2
3
2
1 17
2
3
2
1 20
2
1 78
1 48
2
1 83
2
1 45
3
3
3
1 76
3
2
2
3
3
2
3
1 93
3
3
1 23
1 91
3
1 35
2
1 34
1 2
2
2
1 79
3
2
3
3
2
1 84
1 87
2
2
3
3
3
2
3
2
2
3
1 53
2
2
2
1 45
1 79
3
2
3
1 52
3
3
1 89
2
1 34
1 53
1 37
2
1 28
2
1 68
2
2
1 45
1 28
1 34
1 21
2
3
1 88
1 77
1 69
2
1 8
1 95
2
3
2
2
1 40
3
3
3
1 1
1 28
1 83
3
1 80
1 59
3
2
3
1 48
1 13
1 19
2
1 92
3
3
3
3
3
1 76
3
2
3
1 44
1 28
2
2
1 45
1 15
3
2
2
2
3
1 6
3
3
3
1 46
3
3
2